8248
  
	 	
9636
 4461 

  
7247 9476 
    7783
	 	
	 	
8660

  	 
2321	 7382
 
	
 2526
 3947
		
 
	5317

		 
 	7276	  	8006
 		 	 
4457	 	
 	
	
5052
 	6386 	7468  2375  	

5486
	 

5048  6635	 				
3474  	 	

 
	4244 8670	   8159					 	2205	
 	2073	
 9526	

 
5881

 	 	6108 	  518	 	   

  7261
  		
	4105		 		
	866
 	 
8516 
 	
  
 9897

 	  
 		2495 
	2144
	
1217	

4200	
	   	2119
 
1393   27

	

 	
1456

 
		
7299



	
 3459
   		 
  9344	
	
6782
4716 
2028		
 
	

2551 
	 				8511
  165			
    	 2799
	 	 	
 	6953 



 5224 
 

 	   4591 	
7700   
 
  1170

	 	
	7377
	
	
8874 		     409
7030 
	
8694 	 

4498 		

5329
 	

6505
			
  1597


 
4723	


    3933	  	
	
		4219
			   		9281 	  

		
	6421 
 	 



3065


	 
	
 
395	
8611
   5054 
	
1943	2792 6345	 	 	 
	8175   	
 	6250
6347
 
	9518
  
	 
7823
		
52 
		

 	136
	

 
2286
 
 


	3794	 	 	 
 	1891  

	3967 
	
 
7574	

 	989		911 
		
 1777





7350 	
	 	

	8126		

1973		 
	   
8992 	  

6140
	 

401	
2935
2269  	 

5581				 

	 
4077		
 			
309	
			
  
4742
			1666 1729
 
  5513
   
	

5886
		  	5951	
	 				 
468
	 	 
	 
 8168	
 
	7591
	1423		 


 	 8566	


 	258
6886	
 

6504		
	
 9809  4356		
		

	9413
	


	
 5431

1832		
5569  


 8619 


 4972 
  
	
		
654 
	
  5958 	


	6972	 	 	
6057	 9823	
 	 	  2459
	
	 	 	8754 
2342

  
			 8625
9123 
	9638  	  
  
 7799
 	7547	311		 3940 

 
			 	8004
6096
	
 
 1290	
	    			3730 	 		

5037
  9335 5030  

	  513
7571

	



9803	 
	
 	1359
	
		
	

	4283 
 
	 	2593   	

 5221

8466	
	3679 
  
9024 					
	3137		8974		
 
 718 				 4728 	
	 
 

	9615  	

 	
 783
 
	 


2053

  

		 
7447
 		 	9451	 			 
6240 
	    	
	9480	
		3271					1625	  
	2572

1057 
	
8834
 	 3338		
 		 4148
		
			  	5248 	9290 

	 
   3610	  5525
4756	 	
7421	

	 8443			 	6371 7143
 

		

 8344
		8112  	
	
 
		1846
2768
	
 	 	
 	3045
 	9372  8616
  
	
7361 
267 
 9525
 
		 
 9495 4841
 		
		 
4330	1735  
	 2713 	 	 

 7373
 		
	

4636	   730	
 


 	6206	
	 	9280 
			2317   3416 	
	 5342		 	

7601	 3834		 4673
 
2691   
	 

3100	 	 	
 
	9855					
8089 	   4189 		 	 	 
	4261  	
	 
 

7054	  

		  6939 



3815	 


	


6278  

2203	

 

	
	5101 	
	
  	 7338	3688    		1518



1504 
3090 		5832   4082		 
 	



7217	
755 		 	7303
	
5833
			7787 	 5237	
   


1396
 	  8858 	751
	5128	67 					

 	4641	  	
5816 	 	


5727 

 5668		 8043	5269
   	4166
		 	 	
	6394	 6404	 	  		6272			5458 
9739

	 3001 6400	 		 		6190

	 
1050		  

	
 1984 	
 
	  	8816 4168 8135	
    

 1522

 	
9671  	

	8505
		
1732			 
 
 9915
				    9399    

 579 	   980
	 	9309
5507	3495		

 

9201
	 		

 7752 	3329 	

 

6051
	 9390	
 
	
	
549		 
	

	3049    	
9291	 	
 	
2507		
  	
3670	
		  4233  

	7738	 	

	 1671	  
	    	3524		
 	
 9832 
   
3042
  	  2659

	
  	
	3860	
 
860 
			
 
3501	   971 		
 8668
9946 
	  	


	1821		
 
		
	1628 
 



	4284
4748
 
9727 	   
			8601 	
 
9104

  1665	

 	3561
 
			
19	3699  

 	

 
5253	
	 6338	
 1274 	 


	
 2263


3804			7163	  6196

 	

3491		
  	 
	8323		
 	
			 9015 			
 		173  
		
	9523		9456 
	 

	 5133  			  
1642

			
		8219 
	2198		
		

5862 	
	 

306
			 	1378


 
	6742  
 1425
		5075
	 	
  
	 2787
 
	

8365  6415
 	 4206
  
	8769
2373 
	 9938	3360  


 
	8737		 
2790	 189

8157	 	  

 
9155	
	


	

9793	1323

	 
	
678	



 
	3046
	
				
8550
7541	 7994	 

		 4822 		4170 

  	6357



 
	 

8529	
		 		
	
5360	 4579	

			
	5322 

	
9339	
		
 
2977
		6155

 	9016
 			 
			9761	
    	3543	7224
	
 
 	7589		
3243
	
 	 	 	5804


	

	


9103		  	

 
1193  


 3698			 	 2244
 
	   4556 	832
	 		   4047

1156  
	 

		6616
 			8733
6975
 		 9210 		  

4110	     	 9454 	


 	5649 

 	  

4836	 
6829		
	  

6664	  
	 9676
   1100 
  
 	
  7977

   	
 
	9928   

 9346 

7048		
  4712    	
9714



	

	 	4560  
5134	 
 
			2702	
 
9014 
	
 	 

 3382  4456 5955		
 


 	 9605  				
8030
1459	
 		 	

 8653				3223 


  5008
	6988
 	 

 	
8978 
 		

			2165

 	 	   2228
  		
	3712 		9539	3119

 	  		8546

 
7408			    
9678		4081
	 
	

9250 	
	
6486
			
		  177		
		 8963 1289 
  		
  
6712	
  
	9923
19	
 6086
 
	7568
9099  	5100	
 		 	 
	3848 9647 	
	1011	
 	 	 

 3673

 3298


	
 	
4134 	5323	

	9997
	
		   

5303		


2928
 
		

	
1043  3304		3251				 478		 			
	 
1836	

				 4302 
	  	 	 	9646

				 	 	9559
6408 	

 934			
5916	
  			  2219	   

7770 
	   		8037
  			 
 3048  		
	8815
		9417
 	 	 	 
 3002	
 9426
 
 	
  
	6747	
 
 
6181
	
 	8502 	 	
	
  4383		 	 	2048	
 
		  114  	


	

9503 		


  		9772				
6733
	 9492	41				3449 1647
 	
			
  5162
	



	


6641
	4668
754	
  	
 	  2818	

	4734
1213	
 	  1205	

	 			 1652	
	5372
	  
 	9405
			
 
394	

 
		 812
		
     
5353
 	103
				
	 	 1633  	 		3793 	  	
8774	


	

  4719	
6485	
		 		 	3063
		

485 	 
   	
3593 
	  	1857
		
747 
 


	
 
7476   			
9384 
